832 2.864396 0.043898 0.036872 1.49
10783 2.864796 0.044109 0.036834 1.49
11728 2.865554 0.044431 0.036760 1.56
13765 2.869670 0.045849 0.036884 1.15
13807 2.868849 0.045268 0.036823 1.92
15649 2.864185 0.043928 0.036504 1.47
16706 2.862003 0.043303 0.036759 1.49
20089 2.861700 0.043125 0.036958 1.46
20095 2.867089 0.044780 0.036435 1.49
23054 2.869378 0.045525 0.036832 1.49
23338 2.867813 0.045091 0.037336 1.49
26970 2.867255 0.044734 0.036454 1.49
28271 2.870178 0.045840 0.036834 0.00
33143 2.868312 0.045255 0.037507 1.41
34312 2.868571 0.045428 0.036793 1.48
35315 2.870561 0.048826 0.036512 0.00
40782 2.866983 0.044771 0.037323 1.49
40789 2.861475 0.043047 0.036999 1.50
40921 2.868760 0.045261 0.036624 1.48
41307 2.866043 0.044551 0.036515 1.57
43032 2.866161 0.044509 0.036870 1.49
45257 2.859340 0.042390 0.036012 1.50
47640 2.864977 0.044189 0.036871 1.49
47866 2.861648 0.043010 0.036636 1.49
48312 2.861111 0.042852 0.036612 1.48
48369 2.866470 0.044461 0.036919 1.49
50594 2.864936 0.043298 0.036568 1.50
50715 2.865917 0.044473 0.036670 1.33
51068 2.863673 0.043748 0.037001 1.49
51089 2.870352 0.045930 0.036688 1.31
51923 2.867316 0.045006 0.037036 1.49
52009 2.861979 0.043382 0.037144 1.50
55124 2.867046 0.044923 0.036257 1.49
55852 2.861584 0.043071 0.037049 1.48
56285 2.865423 0.044362 0.036496 1.49
57735 2.866247 0.044493 0.036894 1.49
64165 2.863987 0.043910 0.036894 1.49
65383 2.861827 0.042978 0.036630 1.48
65801 2.863059 0.043657 0.036337 0.10
69009 2.865163 0.044294 0.036679 1.51
69174 2.862369 0.043297 0.036434 1.48
71003 2.862008 0.043268 0.036777 1.49
71031 2.865324 0.044343 0.037352 1.49
73950 2.861769 0.043153 0.036333 1.49
75176 2.866472 0.044572 0.037215 1.49
75668 2.864529 0.043847 0.036880 1.50
76686 2.864750 0.044067 0.037154 1.48
79035 2.863982 0.043911 0.036907 1.49
79213 2.866506 0.044549 0.037255 1.47
82780 2.867858 0.045155 0.036974 1.52
84465 2.865464 0.044407 0.037389 1.58
85350 2.866753 0.044688 0.037274 1.49
87990 2.864150 0.044083 0.036489 1.59
88892 2.860896 0.042979 0.036470 1.46
89546 2.866770 0.044700 0.037049 1.51
90640 2.865981 0.044724 0.037297 1.49
91694 2.860988 0.042927 0.036545 1.55
91706 2.862287 0.043459 0.037154 1.50
93632 2.867641 0.044849 0.037102 1.49
93690 2.868015 0.045123 0.037265 1.50
94089 2.865290 0.044347 0.036750 1.49
95276 2.863261 0.043658 0.036127 4.29
97104 2.866122 0.044574 0.036313 1.49
97137 2.870712 0.045959 0.036465 1.51
100295 2.867806 0.045326 0.036804 1.49
103852 2.867993 0.045099 0.036636 0.00
104409 2.868026 0.045255 0.036572 1.43
105265 2.867898 0.045105 0.037073 1.49
105324 2.865102 0.044234 0.036776 1.48
105672 2.868073 0.045144 0.036763 1.60
111335 2.861252 0.043186 0.036362 1.62
111436 2.860756 0.042968 0.036554 0.90
112776 2.862560 0.043410 0.036468 1.50
112779 2.861822 0.043257 0.036518 1.49
114730 2.864713 0.044055 0.037243 1.09
116288 2.865771 0.044286 0.036956 0.77
116633 2.866416 0.044705 0.037269 1.49
116653 2.861026 0.043046 0.036701 1.99
117482 2.865565 0.044428 0.036818 1.31
117761 2.865682 0.044352 0.036530 6.69
118208 2.867300 0.044876 0.036669 1.49
118841 2.866763 0.044481 0.036962 1.59
119794 2.865733 0.044360 0.036837 4.68
119818 2.866198 0.044579 0.036853 1.49
119861 2.867385 0.044934 0.036206 1.49
120589 2.868194 0.045083 0.037192 1.42
126465 2.865847 0.044396 0.036971 0.20
126783 2.866070 0.044550 0.036139 1.49
126806 2.863754 0.043738 0.037144 1.50
126922 2.867530 0.045042 0.036696 1.49
126929 2.866146 0.044558 0.036299 1.49
128125 2.867016 0.044707 0.036540 1.48
128214 2.861474 0.043026 0.036380 1.48
128297 2.867202 0.044723 0.036684 1.51
128333 2.862211 0.043338 0.036627 1.49
128932 2.871845 0.047435 0.036331 1.49
128944 2.862830 0.043619 0.037138 1.49
129268 2.862548 0.043305 0.036443 1.51
129691 2.869650 0.045618 0.036657 1.72
130232 2.859366 0.042647 0.036680 1.49
131987 2.860706 0.042694 0.036613 1.39
133275 2.861949 0.043194 0.036309 1.49
133478 2.866365 0.044644 0.037341 1.48
134155 2.862676 0.043797 0.036298 1.49
134183 2.866419 0.044462 0.036660 1.49
139578 2.861592 0.043136 0.037006 1.48
139639 2.866844 0.044759 0.036353 1.50
139916 2.863630 0.043815 0.036860 1.50
140153 2.861915 0.043307 0.036973 1.48
140155 2.866390 0.044544 0.037175 1.49
140157 2.867980 0.045096 0.037013 1.49
140337 2.867296 0.044661 0.036638 1.49
140602 2.864934 0.044316 0.036005 1.50
140778 2.867359 0.044894 0.036493 1.49
140863 2.860664 0.042929 0.036701 1.27
142988 2.861778 0.043278 0.035862 1.50
143155 2.867441 0.044879 0.036393 1.49
143711 2.863811 0.043700 0.036810 1.49
144484 2.864711 0.044071 0.036808 1.48
145516 2.867049 0.044647 0.036792 1.49
146704 2.867008 0.044640 0.036797 1.45
146783 2.865941 0.044498 0.037103 1.48
149908 2.867709 0.045008 0.036635 1.49
149942 2.864417 0.044100 0.037325 1.46
151300 2.862996 0.043544 0.036983 1.39
152430 2.868311 0.045158 0.037094 1.40
152487 2.860505 0.042996 0.036648 1.62
154046 2.865547 0.044519 0.036865 1.58
154097 2.861562 0.042976 0.036185 1.48
154104 2.867961 0.045016 0.036350 1.72
154114 2.864705 0.044170 0.036807 1.49
155170 2.864268 0.043792 0.036957 1.51
155531 2.869964 0.045771 0.036530 1.49
155813 2.864760 0.043876 0.036212 1.52
156561 2.861204 0.043064 0.036800 1.49
157721 2.868721 0.045275 0.036884 1.49
157932 2.865363 0.046153 0.038123 1.69
159023 2.864240 0.043956 0.036385 1.49
159043 2.860366 0.042781 0.036769 1.46
161603 2.860965 0.043138 0.036329 1.46
163483 2.863294 0.043788 0.036955 5.10
164356 2.866583 0.044640 0.037404 1.49
166514 2.869012 0.045365 0.036867 1.49
166595 2.861054 0.043049 0.037092 1.47
166653 2.858826 0.042267 0.036560 1.50
167602 2.864081 0.043628 0.037279 1.49
168007 2.865382 0.044371 0.036554 1.47
170802 2.865191 0.044374 0.037379 1.54
171639 2.869267 0.045230 0.037552 1.49
173068 2.861537 0.043062 0.036896 1.49
173085 2.863622 0.043785 0.037181 1.52
173815 2.867436 0.044855 0.036519 1.49
175176 2.867425 0.044553 0.037624 1.49
175506 2.867349 0.044742 0.036246 1.49
177578 2.861372 0.043234 0.037005 1.49
177908 2.868011 0.045096 0.037264 1.49
180711 2.865931 0.044492 0.036120 1.49
180991 2.864028 0.043934 0.036193 1.49
184621 2.864115 0.043699 0.037051 1.49
184793 2.861133 0.043069 0.036332 2.09
184812 2.861656 0.043048 0.036837 1.49
185292 2.864763 0.044018 0.037025 1.46
185293 2.859693 0.042608 0.036433 1.49
185330 2.866325 0.044567 0.037065 1.49
185396 2.860512 0.043005 0.037027 1.50
185675 2.866500 0.044822 0.036296 1.49
186242 2.865694 0.044320 0.036616 4.46
187169 2.858865 0.042009 0.036028 1.49
187223 2.871081 0.046150 0.036808 1.49
187593 2.862012 0.043359 0.036649 1.49
188913 2.868724 0.045316 0.036653 1.52
189477 2.865100 0.044177 0.035964 1.49
191769 2.861305 0.043000 0.036406 1.50
192554 2.869528 0.045333 0.036506 1.48
192702 2.864568 0.044186 0.036508 1.49
192868 2.861792 0.043232 0.036920 1.49
192993 2.861751 0.043344 0.037076 1.48
196023 2.865817 0.044321 0.036558 1.32
196739 2.863573 0.043675 0.037049 1.58
196886 2.865950 0.044535 0.037393 1.48
198656 2.860009 0.042696 0.036804 1.49
199314 2.867854 0.045017 0.036605 1.52
199416 2.868365 0.045162 0.037375 1.07
199465 2.872753 0.048074 0.035955 1.85
199496 2.870526 0.046044 0.036824 1.61
199617 2.865392 0.044246 0.036508 1.49
200297 2.865548 0.044517 0.036503 1.98
200306 2.868257 0.045208 0.037245 1.66
201209 2.860150 0.042843 0.036870 1.49
201647 2.861689 0.043131 0.037103 1.54
201659 2.861114 0.043047 0.037258 1.50
201717 2.869317 0.045484 0.036726 1.34
202595 2.866199 0.044505 0.036664 1.49
203797 2.863933 0.043850 0.037003 1.49
204075 2.859912 0.042654 0.036192 1.42
204090 2.867510 0.044769 0.037828 1.49
204602 2.867343 0.045006 0.036378 1.49
204735 2.870013 0.045496 0.037559 1.55
204846 2.867850 0.045005 0.036549 1.50
204866 2.867024 0.044792 0.036550 1.50
204897 2.864488 0.043999 0.036246 1.49
204944 2.864385 0.044049 0.035888 1.49
205016 2.867645 0.044861 0.036368 1.49
206023 2.867001 0.044608 0.037267 1.49
206172 2.861204 0.043125 0.036704 1.50
206759 2.859497 0.042666 0.035858 1.49
207613 2.863711 0.043867 0.037013 1.49
207690 2.861575 0.043166 0.036274 1.49
207758 2.868126 0.045067 0.037195 0.05
209894 2.867327 0.044980 0.035970 1.49
209990 2.866803 0.044590 0.036570 1.49
211843 2.866925 0.044721 0.036108 1.58
212304 2.865570 0.044595 0.037374 0.83
212562 2.866022 0.044418 0.036584 1.51
212896 2.860153 0.042728 0.037092 1.50
213350 2.869079 0.045235 0.036553 1.49
214835 2.869708 0.045641 0.037651 1.49
218061 2.865002 0.044165 0.036668 1.49
218459 2.868343 0.045179 0.037259 1.49
219904 2.862117 0.043308 0.036765 1.49
220792 2.868031 0.045021 0.036989 1.61
221213 2.866882 0.044819 0.036963 1.49
221487 2.861683 0.043237 0.036288 1.49
221754 2.868083 0.045115 0.037396 0.97
221781 2.866718 0.044595 0.036765 1.50
223767 2.864198 0.043728 0.036016 1.57
223792 2.866448 0.044480 0.037163 1.49
223813 2.866667 0.044463 0.036078 1.49
223920 2.863112 0.043826 0.036924 0.09
224603 2.862125 0.043478 0.036786 1.50
224605 2.861966 0.043235 0.036611 1.49
224611 2.866539 0.044685 0.036120 1.54
224946 2.865068 0.044227 0.036493 1.49
225387 2.863138 0.043666 0.037059 1.19
225392 2.867615 0.044776 0.036406 1.49
226814 2.863869 0.043928 0.037192 1.49
226877 2.864682 0.043977 0.036861 1.49
226916 2.869250 0.045280 0.036543 1.49
227520 2.858737 0.042308 0.036416 1.49
227655 2.866118 0.044332 0.036609 1.50
227658 2.864390 0.043980 0.036847 1.49
227708 2.865299 0.044337 0.036906 1.49
229612 2.870005 0.045605 0.036681 1.92
229621 2.867641 0.044992 0.037097 1.49
229702 2.859748 0.042642 0.036633 1.51
231307 2.867170 0.044749 0.037082 1.48
231541 2.867415 0.045094 0.037346 1.49
231585 2.868851 0.044988 0.037576 0.99
231788 2.868311 0.045063 0.037314 1.51
233412 2.866486 0.044074 0.037556 1.49
233465 2.860027 0.042755 0.036578 1.41
233686 2.860575 0.043008 0.037188 1.55
233753 2.860959 0.043046 0.037214 1.42
235403 2.865965 0.044502 0.037135 1.47
236596 2.861088 0.043056 0.037141 1.59
236805 2.864544 0.043942 0.037296 1.49
236834 2.861130 0.042981 0.036685 1.49
238014 2.867402 0.044698 0.036689 1.51
238721 2.860630 0.043009 0.036818 1.27
239201 2.860566 0.042910 0.036817 1.48
239454 2.860929 0.043039 0.037139 1.36
240475 2.863417 0.043445 0.037151 1.13
240687 2.870078 0.045546 0.036480 0.68
241502 2.868337 0.045266 0.036936 1.49
243171 2.859798 0.042787 0.036465 1.47
246677 2.861783 0.043329 0.036700 1.49
250705 2.861531 0.043117 0.036429 1.46
250735 2.869622 0.048289 0.036287 1.46
251300 2.866757 0.044691 0.036332 1.50
251526 2.868297 0.045084 0.037390 1.54
254809 2.864945 0.044056 0.037067 1.49
255109 2.861645 0.043268 0.036597 1.49
255336 2.865528 0.044557 0.036532 0.00
256438 2.865109 0.044042 0.035857 1.50
256912 2.866187 0.044521 0.037381 1.50
257004 2.867045 0.044562 0.037090 1.49
257049 2.866858 0.044870 0.036522 1.47
257111 2.863784 0.043789 0.036078 1.49
257241 2.867436 0.044689 0.036819 1.49
257509 2.867841 0.044930 0.036383 1.50
258560 2.868446 0.045097 0.037025 1.50
258677 2.866120 0.044532 0.036713 1.49
260850 2.866992 0.044599 0.036872 1.49
260875 2.862295 0.043250 0.037202 1.49
261173 2.863269 0.043805 0.036096 7.72
261620 2.864393 0.043716 0.036265 1.49
261625 2.869544 0.045293 0.035991 1.48
262067 2.870211 0.046300 0.037006 0.12
262517 2.866301 0.044396 0.036389 1.49
262608 2.865024 0.044101 0.036999 1.47
262989 2.865010 0.044518 0.036238 1.49
263000 2.862476 0.043507 0.036707 1.50
264038 2.866726 0.044884 0.036410 1.50
265401 2.867974 0.044897 0.036383 1.50
265412 2.863812 0.043889 0.036531 1.49
265862 2.858892 0.042385 0.036533 1.49
265919 2.869971 0.045472 0.036481 1.29
266430 2.864985 0.044886 0.037603 1.50
266842 2.867447 0.044852 0.036158 1.49
268562 2.867085 0.044695 0.037295 1.49
268583 2.868891 0.044671 0.037509 1.49
268631 2.859029 0.042429 0.036276 1.49
269223 2.868157 0.045233 0.036932 1.33
272451 2.866339 0.044591 0.036519 1.49
272971 2.867317 0.044623 0.036503 1.50
272994 2.860404 0.043066 0.037145 1.49
273014 2.863634 0.043819 0.037338 1.49
273049 2.867349 0.045648 0.037790 1.49
273052 2.864195 0.044237 0.036325 1.49
273138 2.865480 0.044355 0.036499 1.48
274350 2.864299 0.043681 0.036804 1.49
275058 2.864104 0.044044 0.036162 1.49
278304 2.863299 0.043736 0.036085 0.67
278760 2.861184 0.042955 0.036411 1.46
278810 2.862458 0.043077 0.037371 1.49
278856 2.867601 0.045270 0.036762 1.49
279509 2.859864 0.042963 0.036567 1.49
280158 2.868095 0.045575 0.037667 2.45
281843 2.864599 0.044449 0.035944 1.66
283094 2.868496 0.045195 0.036739 1.53
283120 2.865603 0.044383 0.036560 1.77
283891 2.870596 0.045847 0.036710 0.64
284236 2.866855 0.044606 0.037305 1.48
286577 2.859632 0.042663 0.036495 1.48
287022 2.861333 0.043298 0.036653 1.49
289418 2.864469 0.044182 0.036285 1.50
289659 2.867792 0.044948 0.036482 1.49
290117 2.859620 0.042560 0.036170 1.49
290317 2.864070 0.044101 0.036116 1.53
290570 2.861062 0.043083 0.036953 2.90
290641 2.862394 0.043198 0.036328 1.49
290705 2.868265 0.045991 0.035522 1.37
291169 2.866054 0.044395 0.036315 1.49
292634 2.863710 0.043893 0.037186 1.49
292678 2.858443 0.042242 0.036522 1.48
293364 2.870199 0.045605 0.036451 0.12
293432 2.867915 0.044859 0.037615 1.56
294039 2.868819 0.044629 0.037588 1.48
294173 2.861332 0.043037 0.036308 1.49
294380 2.865532 0.044134 0.036415 2.70
294924 2.868169 0.044999 0.037145 4.84
295026 2.868818 0.045343 0.036953 1.37
296025 2.870877 0.045972 0.036480 1.48
296279 2.865852 0.044568 0.036424 0.07
296335 2.858567 0.042306 0.036530 1.49
296363 2.862537 0.043461 0.037163 1.49
296703 2.869794 0.045627 0.036822 1.40
297115 2.867013 0.044562 0.036642 1.46
297130 2.861257 0.042979 0.036367 0.98
297572 2.864117 0.043837 0.036679 1.49
298678 2.864210 0.043933 0.037044 1.49
299751 2.866854 0.044615 0.036206 1.51
299855 2.860837 0.042986 0.037112 1.31
300861 2.865311 0.044388 0.036766 1.59
300942 2.869599 0.045638 0.036441 1.49
301242 2.868122 0.045003 0.036540 2.05
301400 2.862979 0.043613 0.036160 1.73
301440 2.865631 0.044216 0.036915 3.14
301545 2.861908 0.043412 0.036828 1.49
302127 2.863379 0.043746 0.036451 5.54
302779 2.862431 0.043459 0.036203 1.49
304269 2.861255 0.043065 0.036555 0.68
304338 2.865096 0.044090 0.036256 1.50
304385 2.866765 0.044626 0.036294 1.43
304398 2.867009 0.045055 0.036695 1.49
308985 2.859600 0.042573 0.037183 1.49
308995 2.867314 0.044602 0.036798 1.49
309049 2.865094 0.044184 0.037225 1.49
309059 2.860946 0.042962 0.036422 1.05
309104 2.867004 0.044501 0.036263 1.49
309627 2.859401 0.042562 0.037189 1.49
310199 2.858652 0.042244 0.036699 1.49
312724 2.863168 0.043782 0.037204 3.15
314291 2.866994 0.044630 0.037089 1.51
314389 2.870865 0.046173 0.036702 1.49
314428 2.865884 0.044624 0.036517 0.34
315038 2.859251 0.042523 0.036769 1.50
315783 2.866045 0.044315 0.036567 1.50
315784 2.863260 0.043670 0.036866 4.57
316354 2.866854 0.044900 0.037204 1.50
316368 2.867019 0.044490 0.036433 1.51
316407 2.862539 0.043145 0.037005 1.49
317243 2.865170 0.044339 0.036830 1.50
317372 2.863390 0.043791 0.036138 5.99
317556 2.867022 0.044870 0.036560 1.50
318989 2.868027 0.045001 0.036312 1.48
319043 2.865109 0.044154 0.036759 1.50
319079 2.864651 0.044042 0.037058 1.49
319246 2.861891 0.043070 0.036419 1.49
319424 2.866274 0.044700 0.036656 1.49
319975 2.862553 0.043655 0.037080 1.49
321522 2.867113 0.044582 0.036459 1.48
322065 2.864108 0.043772 0.037031 1.49
322142 2.861730 0.043031 0.036655 1.49
322394 2.869031 0.045589 0.036462 1.51
324019 2.862234 0.043444 0.036742 1.49
324682 2.865143 0.044012 0.036999 1.49
324716 2.861204 0.043200 0.036208 1.68
325474 2.867395 0.044769 0.036241 1.49
326187 2.862002 0.043394 0.037142 1.49
326260 2.870880 0.046083 0.036689 1.49
327003 2.860769 0.042988 0.036397 1.48
327486 2.867206 0.044497 0.036754 1.48
330080 2.861207 0.043164 0.036548 1.51
331824 2.867230 0.045021 0.036568 1.49
332163 2.862634 0.043362 0.036520 1.50
332550 2.867433 0.044919 0.036997 1.48
332761 2.865326 0.044094 0.035653 1.43
333383 2.861243 0.043188 0.037380 1.52
335618 2.865413 0.044373 0.035832 1.49
336438 2.861465 0.042891 0.036400 1.50
336910 2.868267 0.045147 0.036950 1.50
339406 2.866080 0.044454 0.037256 1.15
339447 2.867566 0.044803 0.036537 1.49
339474 2.862467 0.043577 0.037118 1.49
339476 2.862693 0.043554 0.036807 1.49
341166 2.861036 0.043150 0.036467 1.49
341250 2.866471 0.044432 0.037110 1.49
341298 2.867720 0.045014 0.036016 1.49
341350 2.859294 0.042224 0.036479 1.49
341565 2.865562 0.044324 0.036781 1.82
343584 2.859415 0.042552 0.036311 1.49
344811 2.859442 0.042669 0.035946 1.48
346024 2.867082 0.044675 0.036831 1.49
346031 2.867674 0.044895 0.036433 1.53
346559 2.859523 0.042618 0.036786 1.48
346731 2.865181 0.044453 0.036283 1.50
348534 2.863701 0.043633 0.036459 1.49
348611 2.859629 0.042830 0.037081 1.49
348963 2.868884 0.045342 0.036650 1.50
349261 2.866916 0.044820 0.036054 1.51
349332 2.859682 0.042305 0.036082 1.50
349348 2.867401 0.044683 0.037326 1.50
349384 2.868000 0.045167 0.037197 1.60
350308 2.858934 0.042384 0.035959 1.49
351888 2.867811 0.044831 0.036325 1.49
352470 2.863028 0.043519 0.037296 0.91
353480 2.865369 0.044071 0.036770 1.51
353498 2.865818 0.044299 0.036578 1.47
353895 2.870837 0.045888 0.036595 1.48
355083 2.867497 0.044578 0.037171 1.49
355118 2.866322 0.044352 0.036733 1.49
355127 2.865700 0.044270 0.036014 2.73
358354 2.859287 0.042653 0.036309 1.49
359840 2.867199 0.044962 0.036641 1.49
360906 2.866505 0.044498 0.037074 1.49
360909 2.866874 0.044625 0.037150 1.49
363905 2.869561 0.045337 0.036018 1.49
363995 2.859808 0.042298 0.036207 1.50
364051 2.861329 0.043069 0.036481 1.49
364937 2.866230 0.044546 0.037040 1.49
366001 2.865751 0.044507 0.036905 5.88
366971 2.864323 0.043896 0.037148 1.49
367544 2.866249 0.044694 0.036876 1.49
371188 2.860379 0.042615 0.036597 1.48
374599 2.860395 0.043002 0.037174 1.54
375342 2.863773 0.043584 0.036359 1.50
375449 2.861981 0.043266 0.036211 1.49
375922 2.860261 0.042822 0.036708 1.50
376610 2.867107 0.044583 0.036737 1.49
378764 2.861625 0.043057 0.036295 1.49
378817 2.867464 0.045028 0.036680 1.49
378866 2.867988 0.044934 0.036051 1.54
378889 2.867218 0.044952 0.037059 1.49
378892 2.870005 0.045605 0.036544 1.02
379043 2.867599 0.044803 0.036321 1.49
379071 2.863986 0.044063 0.035649 1.49
380470 2.862044 0.043429 0.037170 1.49
381469 2.866488 0.044521 0.036733 1.49
381590 2.863070 0.043855 0.037322 0.00
381934 2.862298 0.043478 0.036999 1.49
384914 2.864173 0.043761 0.035580 1.49
384978 2.864295 0.043756 0.036267 1.50
386308 2.868855 0.045540 0.036766 1.60
387025 2.867234 0.044677 0.036722 1.75
387694 2.866754 0.044869 0.036400 1.48
387700 2.864374 0.044064 0.037184 1.49
387971 2.859800 0.042786 0.036486 1.51
389182 2.858731 0.042448 0.037182 1.49
389186 2.857957 0.041834 0.036244 1.38
